107 0.459699
58 0.397402
350 0.394837
371 0.393913
351 0.393606
171 0.370493
348 0.369916
366 0.369848
349 0.369543
362 0.366558
365 0.366192
372 0.364967
1152 0.364704
1020 0.364605
367 0.363162
359 0.363097
657 0.362445
381 0.362282
364 0.361019
571 0.357852
1172 0.35725
1063 0.357187
1203 0.356651
651 0.356493
622 0.356305
951 0.354615
0 0.353343
352 0.350947
373 0.34504
991 0.342755
891 0.342494
1142 0.342029
476 0.341885
1128 0.341856
1243 0.341827
905 0.34174
936 0.341711
1211 0.341653
368 0.34122
361 0.34099
376 0.340875
369 0.340846
379 0.339928
1149 0.339185
838 0.339157
659 0.338929
906 0.338702
375 0.338616
1320 0.338418
847 0.338304
862 0.338219
612 0.338134
1107 0.33788
1022 0.337795
844 0.337767
499 0.337654
1060 0.337513
515 0.337513
411 0.337259
806 0.337203
1031 0.336949
1008 0.336949
723 0.336921
1173 0.336893
1177 0.336809
665 0.336809
995 0.336781
860 0.336753
402 0.336696
560 0.336612
799 0.336528
820 0.336444
416 0.336444
775 0.33636
786 0.336332
584 0.336332
1079 0.336276
1035 0.336276
803 0.336164
556 0.336164
1041 0.33594
911 0.33594
1103 0.335856
998 0.335828
846 0.3358
679 0.3358
1310 0.335745
1291 0.335717
1263 0.335661
997 0.335661
1225 0.335605
1076 0.335577
1039 0.335577
1262 0.335549
407 0.335549
760 0.335521
703 0.335494
1053 0.335466
600 0.335466
855 0.335438
1351 0.33541
894 0.33541
793 0.33541
1187 0.335382
932 0.335382
798 0.335354
1190 0.335299
1332 0.335271
980 0.335271
1288 0.335243
824 0.335243
664 0.335243
907 0.335215
1074 0.335187
696 0.335159
896 0.335132
1026 0.335104
814 0.335104
673 0.335104
1204 0.335076
1023 0.335076
668 0.335048
563 0.335048
1104 0.334965
1004 0.334937
969 0.334937
595 0.334937
574 0.334937
712 0.334881
448 0.334743
999 0.334576
1009 0.334521
1267 0.334465
514 0.334465
401 0.334465
971 0.334438
813 0.334244
1331 0.334189
1293 0.334161
1230 0.334133
1348 0.333967
1394 0.333912
1396 0.333857
1112 0.333636
1368 0.333554
926 0.333554
944 0.333526
1337 0.333499
437 0.333443
1265 0.333333
682 0.333333
1321 0.333306
1254 0.333306
394 0.333168
1302 0.333031
683 0.333031
1182 0.332839
1710 0.328881
360 0.327043
378 0.325645
370 0.323195
374 0.322782
572 0.322241
1285 0.321599
363 0.321548
511 0.321343
1373 0.321292
1070 0.321292
1215 0.321113
1253 0.32068
917 0.320425
685 0.320349
380 0.320324
377 0.320324
403 0.320298
863 0.320197
1098 0.320146
1075 0.320044
564 0.320019
1231 0.319968
1312 0.319943
382 0.319943
1298 0.319918
763 0.319892
973 0.319867
1108 0.319816
724 0.319816
1289 0.319791
876 0.31974
1131 0.319715
1090 0.319715
1318 0.31969
1102 0.31969
1268 0.319664
1106 0.319664
1329 0.319639
1199 0.319588
853 0.319588
1045 0.319563
1192 0.319538
913 0.319538
432 0.319538
590 0.319513
1367 0.319487
1099 0.319462
690 0.319462
608 0.319437
1084 0.319411
1096 0.319386
885 0.319361
815 0.31931
1252 0.319285
877 0.319285
479 0.319285
1159 0.31926
697 0.319235
641 0.319235
1043 0.319209
678 0.319209
1037 0.319184
614 0.319184
957 0.319134
500 0.319109
566 0.319083
1271 0.319058
1324 0.319033
545 0.319033
1000 0.318932
843 0.318932
518 0.318932
1382 0.318907
1040 0.318907
1002 0.318882
818 0.318882
921 0.318857
736 0.318857
670 0.318857
1356 0.318831
1221 0.318806
671 0.318806
581 0.318806
632 0.318781
961 0.318756
1378 0.318731
439 0.318731
1284 0.318706
1276 0.318706
422 0.318706
1001 0.31868
661 0.31868
634 0.31868
1364 0.318655
1214 0.31863
1147 0.31863
959 0.31863
503 0.31863
1384 0.318605
1227 0.318605
1116 0.31858
1148 0.318555
817 0.318555
1278 0.31853
1089 0.31853
835 0.31853
1166 0.318479
953 0.318479
741 0.318479
933 0.318454
859 0.318454
829 0.318454
708 0.318454
618 0.318454
562 0.318454
492 0.318454
1097 0.318429
599 0.318429
593 0.318429
1202 0.318379
1163 0.318379
639 0.318379
1313 0.318354
1086 0.318354
1179 0.318329
1155 0.318329
1051 0.318329
768 0.318329
747 0.318329
552 0.318329
1305 0.318304
981 0.318304
1205 0.318279
974 0.318279
759 0.318279
742 0.318279
644 0.318279
561 0.318279
487 0.318253
428 0.318253
1379 0.318203
1366 0.318203
1029 0.318203
942 0.318203
902 0.318203
721 0.318203
646 0.318203
1301 0.318178
1242 0.318178
1229 0.318178
677 0.318178
1387 0.318153
1275 0.318153
804 0.318153
610 0.318153
1363 0.318128
770 0.318128
1349 0.318103
1165 0.318103
821 0.318103
466 0.318103
1309 0.318078
1308 0.318078
1151 0.318078
506 0.318078
1279 0.318053
1235 0.318053
755 0.318053
652 0.318053
504 0.318053
498 0.318053
462 0.318053
453 0.318053
1092 0.318028
977 0.318028
716 0.318028
585 0.318028
1174 0.318003
1056 0.318003
454 0.318003
440 0.318003
1352 0.317978
1248 0.317978
1169 0.317978
882 0.317978
827 0.317978
587 0.317978
565 0.317978
434 0.317978
1154 0.317953
1033 0.317953
816 0.317953
603 0.317953
1353 0.317928
1246 0.317928
940 0.317928
1346 0.317903
753 0.317903
588 0.317903
490 0.317903
1334 0.317878
1327 0.317878
1236 0.317878
886 0.317878
1123 0.317853
1217 0.317828
1161 0.317828
1094 0.317828
1006 0.317828
789 0.317828
628 0.317828
611 0.317828
535 0.317828
1251 0.317803
1014 0.317803
1355 0.317778
1237 0.317778
1206 0.317778
1180 0.317778
810 0.317778
452 0.317778
433 0.317778
1105 0.317753
1081 0.317753
966 0.317753
831 0.317753
791 0.317753
728 0.317753
700 0.317753
534 0.317753
1297 0.317728
1294 0.317728
1095 0.317728
1059 0.317728
915 0.317728
777 0.317728
658 0.317728
1083 0.317703
1049 0.317703
856 0.317703
830 0.317703
795 0.317703
729 0.317703
594 0.317703
1191 0.317678
945 0.317678
470 0.317678
1068 0.317653
868 0.317653
767 0.317653
1220 0.317628
1015 0.317628
958 0.317628
731 0.317628
776 0.317603
596 0.317603
1168 0.317578
965 0.317578
883 0.317578
808 0.317578
788 0.317578
895 0.317553
878 0.317553
569 0.317553
1371 0.317528
1333 0.317528
1197 0.317528
1114 0.317528
1016 0.317528
1226 0.317503
464 0.317503
1274 0.317478
1124 0.317478
758 0.317478
446 0.317478
1311 0.317453
1295 0.317453
994 0.317453
691 0.317453
635 0.317453
1383 0.317428
1330 0.317428
1286 0.317428
950 0.317428
1129 0.317403
1109 0.317403
892 0.317403
825 0.317403
649 0.317403
1392 0.317378
1335 0.317378
642 0.317378
553 0.317378
392 0.317378
1160 0.317353
405 0.317353
1360 0.317328
1125 0.317328
1069 0.317328
695 0.317328
1111 0.317303
757 0.317303
483 0.317303
1077 0.317278
489 0.317278
780 0.317253
419 0.317253
413 0.317253
1170 0.317228
1146 0.317228
391 0.317228
1258 0.317203
774 0.317203
709 0.317203
1157 0.317179
1130 0.317154
1100 0.317154
1091 0.317154
935 0.317154
1280 0.317129
976 0.317129
667 0.317129
1304 0.317104
1194 0.317104
443 0.317104
399 0.317104
1117 0.317079
1250 0.317029
866 0.317029
510 0.317029
948 0.317004
909 0.317004
874 0.317004
845 0.317004
713 0.317004
438 0.317004
1201 0.316979
1066 0.316979
1062 0.316979
717 0.316979
684 0.316979
1238 0.316954
1145 0.316954
978 0.316954
538 0.316954
420 0.316954
1138 0.31693
1209 0.316905
1184 0.316905
992 0.316905
675 0.316905
512 0.316905
1222 0.31688
1118 0.31688
1025 0.31688
1239 0.316855
1122 0.31683
1082 0.31683
809 0.31683
615 0.31683
485 0.31683
1140 0.316805
955 0.316805
934 0.316805
766 0.316805
761 0.316805
1361 0.31678
546 0.31678
540 0.31678
505 0.31678
481 0.31678
1139 0.316756
941 0.316756
914 0.316756
888 0.316756
879 0.316756
861 0.316756
833 0.316756
1342 0.316731
1133 0.316731
1370 0.316706
1024 0.316706
693 0.316706
1376 0.316681
1281 0.316681
956 0.316681
946 0.316681
784 0.316681
754 0.316681
707 0.316681
609 0.316681
1188 0.316656
988 0.316656
930 0.316656
1005 0.316607
621 0.316607
468 0.316607
1357 0.316582
982 0.316582
837 0.316582
527 0.316582
526 0.316582
1255 0.316557
852 0.316557
797 0.316557
773 0.316557
745 0.316557
616 0.316557
383 0.316557
1200 0.316532
542 0.316532
533 0.316532
1362 0.316507
1021 0.316507
912 0.316507
715 0.316507
586 0.316507
1344 0.316482
1296 0.316482
857 0.316482
826 0.316482
418 0.316482
943 0.316458
923 0.316458
469 0.316458
1336 0.316433
1257 0.316433
645 0.316433
507 0.316433
1176 0.316408
1057 0.316408
922 0.316408
899 0.316408
701 0.316408
1064 0.316383
1012 0.316359
990 0.316359
908 0.316359
893 0.316359
687 0.316359
522 0.316359
497 0.316359
1144 0.316334
1034 0.316334
1011 0.316334
769 0.316334
764 0.316334
568 0.316334
495 0.316334
1207 0.316309
1141 0.316309
993 0.316309
834 0.316309
523 0.316309
1047 0.316284
1028 0.316284
918 0.316284
822 0.316284
778 0.316284
771 0.316284
743 0.316284
496 0.316284
1347 0.316259
705 0.316259
598 0.316259
461 0.316259
427 0.316259
1073 0.316235
669 0.316235
626 0.316235
459 0.316235
1228 0.31621
751 0.31621
449 0.31621
1340 0.316185
1292 0.316185
1212 0.316185
1210 0.316185
865 0.316185
606 0.316185
890 0.31616
578 0.31616
477 0.31616
1338 0.316136
1326 0.316136
1219 0.316136
1208 0.316136
968 0.316136
901 0.316136
681 0.316136
554 0.316136
1055 0.316111
779 0.316111
467 0.316086
1328 0.316061
1317 0.316061
875 0.316061
537 0.316061
445 0.316061
388 0.316061
1322 0.316037
1272 0.316037
1223 0.316037
800 0.316037
666 0.316037
655 0.316037
410 0.316037
1167 0.316012
1038 0.316012
884 0.316012
801 0.316012
782 0.316012
765 0.316012
1058 0.315987
722 0.315987
607 0.315987
1316 0.315962
1186 0.315962
1019 0.315962
963 0.315962
870 0.315962
851 0.315962
744 0.315962
435 0.315962
1358 0.315938
1343 0.315938
1264 0.315938
1164 0.315938
1010 0.315938
474 0.315938
417 0.315938
1388 0.315913
1315 0.315913
1259 0.315913
1018 0.315888
898 0.315888
676 0.315888
1218 0.315864
1136 0.315864
1120 0.315864
1036 0.315864
947 0.315864
790 0.315864
746 0.315864
447 0.315864
409 0.315864
384 0.315864
1386 0.315839
1380 0.315839
841 0.315839
629 0.315839
430 0.315839
1345 0.315814
1195 0.315814
1003 0.315814
823 0.315814
702 0.315814
656 0.315814
601 0.315814
583 0.315814
501 0.315814
1171 0.315789
1135 0.315789
1110 0.315789
732 0.315789
604 0.315789
475 0.315789
1283 0.315765
1121 0.315765
1071 0.315765
1030 0.315765
938 0.315765
931 0.315765
924 0.315765
871 0.315765
457 0.315765
389 0.315765
387 0.315765
1027 0.31574
836 0.31574
819 0.31574
494 0.31574
1369 0.315715
1365 0.315715
1213 0.315715
1087 0.315715
864 0.315715
802 0.315715
674 0.315715
617 0.315715
573 0.315715
455 0.315715
1395 0.315691
954 0.315691
937 0.315691
785 0.315691
478 0.315691
1389 0.315666
1303 0.315666
1270 0.315666
1050 0.315666
927 0.315666
873 0.315666
711 0.315666
567 0.315666
415 0.315666
408 0.315666
1054 0.315641
986 0.315641
983 0.315641
920 0.315641
718 0.315641
647 0.315641
623 0.315641
602 0.315641
482 0.315641
424 0.315641
989 0.315617
939 0.315617
653 0.315617
541 0.315617
530 0.315617
1306 0.315592
1153 0.315592
867 0.315592
805 0.315592
796 0.315592
752 0.315592
650 0.315592
592 0.315592
550 0.315592
525 0.315592
480 0.315592
1393 0.315567
1385 0.315567
1307 0.315567
1266 0.315567
1013 0.315567
979 0.315567
792 0.315567
698 0.315567
558 0.315567
521 0.315567
463 0.315567
450 0.315567
1249 0.315543
1189 0.315543
1158 0.315543
1156 0.315543
1134 0.315543
1078 0.315543
1042 0.315543
807 0.315543
589 0.315543
1300 0.315518
1101 0.315518
733 0.315518
636 0.315518
625 0.315518
444 0.315518
1277 0.315493
1119 0.315493
919 0.315493
772 0.315493
714 0.315493
544 0.315493
1391 0.315469
1290 0.315469
1232 0.315469
1115 0.315469
1080 0.315469
1017 0.315469
975 0.315469
970 0.315469
549 0.315469
548 0.315469
925 0.315444
904 0.315444
849 0.315444
726 0.315444
630 0.315444
613 0.315444
555 0.315444
508 0.315444
458 0.315444
412 0.315444
1256 0.315419
1061 0.315419
1052 0.315419
842 0.315419
794 0.315419
727 0.315419
699 0.315419
577 0.315419
1183 0.315395
962 0.315395
910 0.315395
783 0.315395
719 0.315395
1132 0.31537
987 0.31537
972 0.31537
897 0.31537
811 0.31537
660 0.31537
627 0.31537
517 0.31537
1269 0.315346
1185 0.315346
967 0.315346
964 0.315346
672 0.315346
638 0.315346
519 0.315346
426 0.315346
425 0.315346
1314 0.315321
1241 0.315321
1162 0.315321
493 0.315321
486 0.315321
451 0.315321
400 0.315321
1374 0.315296
1354 0.315296
735 0.315296
720 0.315296
663 0.315296
570 0.315296
528 0.315296
456 0.315296
1224 0.315272
1127 0.315272
624 0.315272
575 0.315272
491 0.315272
390 0.315272
1359 0.315247
1234 0.315247
1233 0.315247
576 0.315247
473 0.315247
406 0.315247
393 0.315247
386 0.315247
1377 0.315222
1287 0.315222
1181 0.315222
1088 0.315222
985 0.315222
887 0.315222
850 0.315222
737 0.315222
730 0.315222
531 0.315222
529 0.315222
429 0.315222
395 0.315222
1390 0.315198
1372 0.315198
1085 0.315198
704 0.315198
620 0.315198
580 0.315198
539 0.315198
536 0.315198
516 0.315198
472 0.315198
460 0.315198
1325 0.315173
1299 0.315173
1273 0.315173
1193 0.315173
1048 0.315173
949 0.315173
854 0.315173
828 0.315173
559 0.315173
547 0.315173
509 0.315173
465 0.315173
442 0.315173
441 0.315173
436 0.315173
1381 0.315149
929 0.315149
889 0.315149
725 0.315149
706 0.315149
688 0.315149
640 0.315149
637 0.315149
597 0.315149
579 0.315149
502 0.315149
484 0.315149
414 0.315149
398 0.315149
1350 0.315124
1260 0.315124
1216 0.315124
1126 0.315124
900 0.315124
734 0.315124
689 0.315124
648 0.315124
858 0.315099
471 0.315099
423 0.315099
421 0.315099
1375 0.315075
1323 0.315075
1244 0.315075
1150 0.315075
1007 0.315075
984 0.315075
787 0.315075
749 0.315075
740 0.315075
654 0.315075
619 0.315075
1282 0.31505
1261 0.31505
1196 0.31505
1143 0.31505
1093 0.31505
1065 0.31505
928 0.31505
903 0.31505
840 0.31505
832 0.31505
781 0.31505
750 0.31505
643 0.31505
633 0.31505
543 0.31505
524 0.31505
396 0.31505
1341 0.315026
1247 0.315026
1198 0.315026
1137 0.315026
996 0.315026
960 0.315026
869 0.315026
686 0.315026
680 0.315026
591 0.315026
488 0.315026
431 0.315026
1245 0.315001
1178 0.315001
1113 0.315001
1072 0.315001
1032 0.315001
848 0.315001
839 0.315001
739 0.315001
738 0.315001
694 0.315001
557 0.315001
532 0.315001
520 0.315001
513 0.315001
385 0.315001
1339 0.314977
1240 0.314977
1175 0.314977
1044 0.314977
916 0.314977
881 0.314977
880 0.314977
812 0.314977
762 0.314977
756 0.314977
748 0.314977
710 0.314977
662 0.314977
551 0.314977
1319 0.314952
1067 0.314952
1046 0.314952
952 0.314952
872 0.314952
692 0.314952
631 0.314952
605 0.314952
582 0.314952
404 0.314952
397 0.314952
2006 0.314927
1821 0.314413
1705 0.312007
1573 0.311574
1663 0.311502
1538 0.311334
1707 0.311286
1620 0.310998
1699 0.310878
1539 0.310591
1643 0.310472
1673 0.310353
1554 0.310305
1648 0.31021
1557 0.310019
1535 0.309686
1689 0.309639
1579 0.309544
1561 0.309544
1617 0.309378
1674 0.309117
1582 0.308763
1719 0.308739
1716 0.308386
1669 0.307986
1577 0.307563
1555 0.306699
358 0.306373
1720 0.306141
357 0.306141
1616 0.306071
356 0.306071
355 0.306071
354 0.306071
1576 0.306048
1563 0.305863
353 0.30577
1612 0.305608
1596 0.304755
1723 0.304617
1626 0.304525
1528 0.304341
1551 0.304066
1607 0.303586
34 0.303313
1820 0.298956
1508 0.295889
136 0.294186
1651 0.293886
1510 0.293801
1593 0.293673
1595 0.293566
1588 0.293545
1542 0.293481
1656 0.293417
1665 0.293289
1691 0.293097
1664 0.292885
1657 0.291995
269 0.291784
1569 0.291742
1565 0.29151
1587 0.291447
1490 0.2913
1589 0.291132
1559 0.291132
1718 0.29109
1726 0.291048
1600 0.290692
1653 0.290462
1635 0.29042
1619 0.290274
1591 0.290253
1632 0.290232
1702 0.289878
1628 0.289857
1507 0.289566
1506 0.289566
1675 0.289483
1685 0.289193
173 0.289048
1426 0.289007
1692 0.288903
1552 0.288883
1443 0.288821
1424 0.288759
1411 0.288738
1704 0.288717
1754 0.288697
1662 0.288697
1495 0.288593
1420 0.288573
1455 0.288532
1457 0.288511
1672 0.288429
1431 0.288346
1462 0.288305
1661 0.288284
2188 0.288264
1441 0.288264
1466 0.288243
1416 0.288243
1400 0.288223
1633 0.28814
1458 0.28814
1428 0.28814
1421 0.28812
1435 0.288079
1485 0.288058
1611 0.287997
1486 0.287956
1425 0.287935
1608 0.287914
1453 0.287894
2099 0.287873
1693 0.287853
1497 0.287832
1713 0.287812
2073 0.287791
1477 0.287791
1727 0.28773
1503 0.28773
1460 0.28773
1448 0.28773
1446 0.28773
1423 0.28773
1480 0.287709
1476 0.287668
1475 0.287627
1445 0.287607
1422 0.287607
1417 0.287607
1439 0.287566
1679 0.287545
1438 0.287545
1739 0.287504
1733 0.287464
1449 0.287464
1654 0.287423
1496 0.287423
1442 0.287402
1429 0.287382
1520 0.287341
1472 0.28732
2183 0.287279
2176 0.287279
1501 0.287279
1444 0.287279
1484 0.287239
1433 0.287218
1397 0.287218
1419 0.287198
1434 0.287177
2104 0.287136
1584 0.287136
1575 0.287136
1440 0.287136
2178 0.287075
2074 0.287075
1479 0.287075
1454 0.287034
1398 0.287034
1566 0.287014
1482 0.287014
1469 0.287014
2190 0.286994
1598 0.286994
1534 0.286994
2063 0.286953
1721 0.286953
1461 0.286953
1452 0.286932
2241 0.286912
1459 0.286912
1624 0.286892
1658 0.286871
1585 0.286769
1451 0.286769
2189 0.286749
2071 0.286749
1494 0.286708
1666 0.286668
1613 0.286668
2065 0.286647
1667 0.286647
1580 0.286647
1700 0.286627
1660 0.286627
1525 0.286627
1807 0.286607
1467 0.286607
1504 0.286566
1418 0.286525
1605 0.286505
2070 0.286464
1615 0.286464
1592 0.286464
2072 0.286444
1712 0.286444
2187 0.286424
1488 0.286424
1473 0.286424
1676 0.286403
1402 0.286363
1491 0.286342
2242 0.286322
2186 0.286322
2124 0.286322
1568 0.286322
1450 0.286322
2076 0.286281
2062 0.286281
1430 0.286281
1690 0.286221
1432 0.2862
2240 0.28616
1730 0.286099
1688 0.286058
1630 0.286018
1682 0.285977
1590 0.285977
1636 0.285876
1487 0.285836
1478 0.285815
1470 0.285674
1468 0.285674
2095 0.285593
198 0.285492
1725 0.285411
2094 0.285351
2403 0.285169
1483 0.285129
2871 0.285049
2103 0.284908
2326 0.284868
2806 0.284807
2622 0.284747
2315 0.284747
2902 0.284727
2925 0.284687
2832 0.284687
1627 0.284667
2630 0.284587
2933 0.284567
2797 0.284567
2521 0.284567
2501 0.284547
2756 0.284526
2440 0.284506
2427 0.284506
2652 0.284486
2508 0.284466
2355 0.284466
2236 0.284466
2106 0.284466
2594 0.284446
2537 0.284426
2296 0.284426
2619 0.284406
2362 0.284406
2243 0.284406
2113 0.284406
2096 0.284406
2351 0.284386
2892 0.284366
2251 0.284366
2570 0.284346
2513 0.284346
2347 0.284326
2293 0.284326
2841 0.284286
2273 0.284286
2259 0.284286
2517 0.284266
2486 0.284266
2465 0.284266
2107 0.284266
2689 0.284246
2550 0.284246
2474 0.284246
2111 0.284246
2578 0.284226
2917 0.284206
2685 0.284206
2327 0.284206
2305 0.284206
2581 0.284186
2577 0.284186
2451 0.284186
2836 0.284166
2475 0.284166
2773 0.284146
2725 0.284146
2617 0.284146
2487 0.284146
2105 0.284146
2687 0.284126
2323 0.284126
2861 0.284106
2858 0.284106
2668 0.284106
2641 0.284086
2597 0.284086
2469 0.284086
2346 0.284086
2329 0.284086
2312 0.284086
2258 0.284086
2246 0.284086
2860 0.284066
2500 0.284066
2398 0.284066
2369 0.284066
2413 0.284046
2713 0.284026
2566 0.284026
2431 0.284026
2123 0.284026
2750 0.284006
2484 0.284006
2602 0.283986
2599 0.283986
2430 0.283986
2393 0.283986
2263 0.283986
2184 0.283986
2468 0.283966
2461 0.283966
2901 0.283946
2857 0.283946
2854 0.283946
2636 0.283946
2624 0.283946
2592 0.283946
2435 0.283946
2870 0.283926
2472 0.283926
2428 0.283926
2392 0.283926
2321 0.283926
2108 0.283926
2869 0.283906
2704 0.283906
2479 0.283906
2464 0.283906
2114 0.283906
2849 0.283886
2526 0.283886
2436 0.283886
2785 0.283866
2722 0.283866
2703 0.283866
2551 0.283866
2543 0.283866
2463 0.283866
2122 0.283866
2795 0.283846
2675 0.283846
2656 0.283846
2523 0.283846
2426 0.283846
2121 0.283846
2801 0.283827
2563 0.283827
2478 0.283827
2256 0.283827
2066 0.283827
2833 0.283807
2680 0.283807
2655 0.283807
2497 0.283807
2470 0.283807
2277 0.283807
2852 0.283787
2710 0.283787
2649 0.283787
2816 0.283767
2284 0.283767
2269 0.283767
2769 0.283747
2763 0.283747
2684 0.283747
2571 0.283747
2443 0.283747
2350 0.283747
2932 0.283727
2855 0.283727
2845 0.283727
2637 0.283727
2545 0.283727
2180 0.283727
2110 0.283727
2068 0.283727
2605 0.283707
2498 0.283707
2238 0.283707
2109 0.283707
2102 0.283707
2919 0.283687
2811 0.283687
2792 0.283687
2777 0.283687
2739 0.283687
2653 0.283687
2645 0.283687
2539 0.283687
2496 0.283687
2334 0.283687
2304 0.283687
2912 0.283667
2863 0.283667
2842 0.283667
2762 0.283667
2643 0.283667
2614 0.283667
2611 0.283667
2417 0.283667
2712 0.283647
2700 0.283647
2681 0.283647
2651 0.283647
2542 0.283647
2471 0.283647
2454 0.283647
2248 0.283647
2885 0.283627
2813 0.283627
2808 0.283627
2536 0.283627
2495 0.283627
2365 0.283627
2527 0.283607
2503 0.283607
2349 0.283607
2540 0.283587
2379 0.283587
2239 0.283587
2179 0.283587
2100 0.283587
2382 0.283567
2343 0.283567
2314 0.283567
2117 0.283567
2677 0.283548
2544 0.283548
2177 0.283548
2098 0.283548
2748 0.283528
2618 0.283528
2888 0.283508
2781 0.283508
2745 0.283508
2569 0.283508
2502 0.283508
2457 0.283508
2294 0.283508
2916 0.283488
2896 0.283488
2606 0.283488
2552 0.283488
2490 0.283488
2322 0.283488
2260 0.283488
2908 0.283468
2693 0.283468
2629 0.283468
2625 0.283468
2573 0.283468
2438 0.283468
2325 0.283468
2175 0.283468
2115 0.283468
2069 0.283468
2774 0.283448
2731 0.283448
2715 0.283448
2644 0.283448
2627 0.283448
2583 0.283448
2316 0.283448
2839 0.283428
2595 0.283428
2590 0.283428
2565 0.283428
2456 0.283428
2375 0.283428
2247 0.283428
2182 0.283428
2934 0.283408
2891 0.283408
2872 0.283408
2672 0.283408
2639 0.283408
2356 0.283408
2297 0.283408
2154 0.283408
2805 0.283388
2804 0.283388
2507 0.283388
2488 0.283388
2101 0.283388
2730 0.283368
2437 0.283368
2335 0.283368
2112 0.283368
2873 0.283349
2650 0.283349
2613 0.283349
2330 0.283349
2812 0.283329
2444 0.283329
2328 0.283329
2261 0.283329
2181 0.283329
2790 0.283309
2654 0.283309
2524 0.283309
2512 0.283309
2400 0.283309
2354 0.283309
2289 0.283309
2876 0.283289
2560 0.283289
2778 0.283269
2515 0.283269
2434 0.283269
2185 0.283269
2174 0.283269
2810 0.283249
2761 0.283249
2732 0.283249
2707 0.283249
2473 0.283249
2340 0.283249
2921 0.283229
2815 0.283229
2723 0.283229
2718 0.283229
2491 0.283229
2483 0.283229
2480 0.283229
2448 0.283229
2235 0.283229
2067 0.283229
2060 0.283229
2829 0.283209
2744 0.283209
2547 0.283209
2429 0.283209
2118 0.283209
2900 0.28319
2698 0.28319
2579 0.28319
2389 0.28319
2303 0.28319
2257 0.28319
2061 0.28319
2904 0.28317
2626 0.28317
2589 0.28317
2295 0.28317
2254 0.28317
2244 0.28317
2120 0.28317
2817 0.28315
2752 0.28315
2738 0.28315
2418 0.28315
2237 0.28315
2097 0.28315
2905 0.28313
2856 0.28313
2737 0.28313
2671 0.28313
2665 0.28313
2567 0.28313
2391 0.28313
2324 0.28313
2771 0.28311
2714 0.28311
2510 0.28311
2342 0.28311
2285 0.28311
2250 0.28311
2757 0.28309
2659 0.28309
2529 0.28309
2414 0.28309
2404 0.28309
2352 0.28309
2318 0.28309
2826 0.28307
2776 0.28307
2557 0.28307
2466 0.28307
2292 0.28307
2899 0.283051
2884 0.283051
2851 0.283051
2783 0.283051
2779 0.283051
2729 0.283051
2405 0.283051
2401 0.283051
2313 0.283051
2290 0.283051
2288 0.283051
2270 0.283051
2695 0.283031
2683 0.283031
2660 0.283031
2564 0.283031
2397 0.283031
2234 0.283031
2119 0.283031
2915 0.283011
2793 0.283011
2562 0.283011
2408 0.283011
2407 0.283011
2306 0.283011
2255 0.283011
2780 0.282991
2760 0.282991
2755 0.282991
2749 0.282991
2620 0.282991
2394 0.282991
2353 0.282991
2338 0.282991
2332 0.282991
2264 0.282991
2802 0.282971
2766 0.282971
2720 0.282971
2706 0.282971
2584 0.282971
2538 0.282971
2467 0.282971
2410 0.282971
2366 0.282971
2283 0.282971
2791 0.282951
2746 0.282951
2409 0.282951
2280 0.282951
2245 0.282951
2895 0.282932
2886 0.282932
2796 0.282932
2740 0.282932
2736 0.282932
2701 0.282932
2621 0.282932
2530 0.282932
2381 0.282932
2847 0.282912
2782 0.282912
2734 0.282912
2559 0.282912
2554 0.282912
2535 0.282912
2386 0.282912
2364 0.282912
2308 0.282912
2281 0.282912
2266 0.282912
2930 0.282892
2809 0.282892
2803 0.282892
2747 0.282892
2697 0.282892
2616 0.282892
2532 0.282892
2064 0.282892
2819 0.282872
2726 0.282872
2582 0.282872
2576 0.282872
2522 0.282872
2452 0.282872
2433 0.282872
2415 0.282872
2395 0.282872
2376 0.282872
2372 0.282872
2331 0.282872
2931 0.282852
2929 0.282852
2887 0.282852
2759 0.282852
2674 0.282852
2505 0.282852
2432 0.282852
2412 0.282852
2333 0.282852
2311 0.282852
2267 0.282852
2075 0.282852
2920 0.282833
2865 0.282833
2831 0.282833
2794 0.282833
2640 0.282833
2585 0.282833
2506 0.282833
2493 0.282833
2477 0.282833
2423 0.282833
2317 0.282833
2249 0.282833
2898 0.282813
2840 0.282813
2837 0.282813
2820 0.282813
2764 0.282813
2716 0.282813
2702 0.282813
2673 0.282813
2556 0.282813
2450 0.282813
2378 0.282813
2363 0.282813
2358 0.282813
2348 0.282813
2309 0.282813
2275 0.282813
2252 0.282813
2914 0.282793
2868 0.282793
2822 0.282793
2814 0.282793
2646 0.282793
2476 0.282793
2420 0.282793
2396 0.282793
2282 0.282793
2233 0.282793
2116 0.282793
2897 0.282773
2890 0.282773
2889 0.282773
2880 0.282773
2825 0.282773
2721 0.282773
2699 0.282773
2647 0.282773
2586 0.282773
2534 0.282773
2525 0.282773
2520 0.282773
2516 0.282773
2504 0.282773
2422 0.282773
2301 0.282773
2922 0.282753
2881 0.282753
2850 0.282753
2838 0.282753
2827 0.282753
2800 0.282753
2719 0.282753
2679 0.282753
2633 0.282753
2610 0.282753
2609 0.282753
2593 0.282753
2555 0.282753
2482 0.282753
2442 0.282753
2385 0.282753
2276 0.282753
2262 0.282753
2907 0.282734
2878 0.282734
2866 0.282734
2765 0.282734
2733 0.282734
2692 0.282734
2635 0.282734
2600 0.282734
2591 0.282734
2546 0.282734
2533 0.282734
2449 0.282734
2387 0.282734
2319 0.282734
2279 0.282734
2853 0.282714
2828 0.282714
2770 0.282714
2768 0.282714
2767 0.282714
2753 0.282714
2735 0.282714
2686 0.282714
2607 0.282714
2603 0.282714
2568 0.282714
2548 0.282714
2514 0.282714
2492 0.282714
2439 0.282714
2402 0.282714
2341 0.282714
2909 0.282694
2862 0.282694
2691 0.282694
2666 0.282694
2608 0.282694
2541 0.282694
2511 0.282694
2388 0.282694
2336 0.282694
2320 0.282694
2302 0.282694
2287 0.282694
2278 0.282694
2859 0.282674
2807 0.282674
2798 0.282674
2775 0.282674
2717 0.282674
2690 0.282674
2648 0.282674
2642 0.282674
2572 0.282674
2494 0.282674
2411 0.282674
2360 0.282674
2339 0.282674
2300 0.282674
2286 0.282674
2265 0.282674
2874 0.282654
2867 0.282654
2824 0.282654
2728 0.282654
2727 0.282654
2688 0.282654
2676 0.282654
2632 0.282654
2604 0.282654
2558 0.282654
2518 0.282654
2460 0.282654
2441 0.282654
2425 0.282654
2416 0.282654
2383 0.282654
2274 0.282654
2268 0.282654
2924 0.282635
2918 0.282635
2893 0.282635
2669 0.282635
2664 0.282635
2638 0.282635
2628 0.282635
2623 0.282635
2596 0.282635
2561 0.282635
2499 0.282635
2485 0.282635
2447 0.282635
2445 0.282635
2371 0.282635
2370 0.282635
2926 0.282615
2875 0.282615
2864 0.282615
2848 0.282615
2844 0.282615
2821 0.282615
2787 0.282615
2772 0.282615
2743 0.282615
2658 0.282615
2455 0.282615
2399 0.282615
2373 0.282615
2359 0.282615
2927 0.282595
2906 0.282595
2903 0.282595
2883 0.282595
2834 0.282595
2784 0.282595
2758 0.282595
2724 0.282595
2709 0.282595
2708 0.282595
2667 0.282595
2662 0.282595
2588 0.282595
2574 0.282595
2489 0.282595
2458 0.282595
2453 0.282595
2374 0.282595
2368 0.282595
2307 0.282595
2935 0.282575
2923 0.282575
2894 0.282575
2879 0.282575
2846 0.282575
2843 0.282575
2835 0.282575
2830 0.282575
2741 0.282575
2694 0.282575
2634 0.282575
2462 0.282575
2380 0.282575
2877 0.282555
2788 0.282555
2742 0.282555
2705 0.282555
2696 0.282555
2663 0.282555
2631 0.282555
2615 0.282555
2598 0.282555
2587 0.282555
2459 0.282555
2446 0.282555
2390 0.282555
2345 0.282555
2344 0.282555
2337 0.282555
2298 0.282555
2253 0.282555
2928 0.282536
2823 0.282536
2818 0.282536
2789 0.282536
2751 0.282536
2682 0.282536
2601 0.282536
2531 0.282536
2384 0.282536
2310 0.282536
2272 0.282536
2678 0.282516
2657 0.282516
2519 0.282516
2419 0.282516
2913 0.282496
2882 0.282496
2580 0.282496
2549 0.282496
2528 0.282496
2509 0.282496
2481 0.282496
2424 0.282496
2377 0.282496
2367 0.282496
2361 0.282496
2299 0.282496
2291 0.282496
2271 0.282496
2911 0.282476
2910 0.282476
2799 0.282476
2786 0.282476
2670 0.282476
2661 0.282476
2553 0.282476
2421 0.282476
2357 0.282476
2754 0.282457
2711 0.282457
2612 0.282457
2575 0.282457
2406 0.282457
2126 0.282062
2008 0.281826
2150 0.281747
2145 0.281708
2130 0.281708
2152 0.281629
2133 0.281551
2146 0.281511
2168 0.281139
2163 0.281119
2224 0.281002
2138 0.281002
2173 0.280983
2167 0.280963
2125 0.280904
2134 0.280865
2212 0.280748
2216 0.280729
2194 0.280709
2209 0.28069
2207 0.280651
2142 0.280651
2139 0.280631
2127 0.280612
2129 0.280573
2164 0.280553
2222 0.280495
2200 0.280436
2227 0.280339
2135 0.280339
2232 0.280319
2137 0.280261
2220 0.280222
2210 0.280222
2195 0.280183
2193 0.280183
2228 0.280144
2170 0.280144
119 0.280105
2205 0.280047
2156 0.280047
2128 0.280047
2198 0.280008
2169 0.279969
2131 0.27995
2215 0.279911
2192 0.279911
2204 0.279892
2155 0.279853
2153 0.279834
2141 0.279834
2171 0.279756
2157 0.279756
2151 0.279717
2172 0.27964
2143 0.279582
2159 0.279466
2199 0.279427
2165 0.279427
2140 0.279427
2088 0.279427
2229 0.279388
2218 0.279388
2144 0.279369
2136 0.279369
2940 0.27933
2211 0.27933
2160 0.279292
2197 0.279214
2149 0.279137
150 0.279118
217 0.27906
2201 0.279041
189 0.279041
64 0.279041
2202 0.278944
2937 0.278829
2158 0.278829
2196 0.27881
2147 0.27879
2148 0.278771
2941 0.278733
2936 0.278733
2223 0.278733
2208 0.278694
2055 0.278675
2162 0.278636
2053 0.278636
2938 0.278598
2231 0.278521
2203 0.278521
2087 0.278521
2059 0.278521
2089 0.278483
2042 0.278483
2090 0.278406
2050 0.278387
2041 0.278387
2054 0.278348
2047 0.278348
2225 0.278252
2046 0.278233
2206 0.278176
2226 0.278157
2217 0.278157
2939 0.278137
2219 0.278118
2093 0.278099
2084 0.27808
2083 0.27808
2078 0.278042
2213 0.278023
2079 0.278003
2082 0.277965
2056 0.277965
2191 0.277946
2230 0.277908
2221 0.277908
2214 0.277908
2091 0.277908
2086 0.277908
2052 0.277908
2077 0.27785
2092 0.277831
2049 0.277755
2166 0.277736
2085 0.277698
2132 0.277678
2058 0.277659
2051 0.27764
2081 0.277621
2161 0.277602
2080 0.277602
1647 0.277411
1581 0.277316
1518 0.276462
1512 0.276462
1509 0.276462
1517 0.276443
1515 0.276443
1514 0.276443
1513 0.276424
1516 0.276405
1511 0.276386
56 0.275857
67 0.27582
322 0.275744
21 0.275613
122 0.275575
315 0.275443
304 0.275425
1644 0.275406
1556 0.275274
285 0.275274
213 0.275124
169 0.275106
339 0.2749
324 0.274881
308 0.274843
7 0.274769
103 0.274694
246 0.274657
87 0.274638
1645 0.274619
156 0.274619
146 0.274582
125 0.27447
120 0.27447
1532 0.274358
1787 0.274134
1706 0.274116
1638 0.273967
1703 0.273893
1602 0.273688
1549 0.273318
1810 0.273263
1533 0.273207
1737 0.273152
1683 0.273152
1570 0.273022
1560 0.272985
1736 0.272967
1701 0.272506
1749 0.27247
1540 0.272414
1634 0.272212
1724 0.272176
1695 0.272102
1734 0.272066
1694 0.271974
1521 0.271919
1639 0.271901
1684 0.271883
1558 0.271883
1527 0.271864
1640 0.271828
1523 0.271809
1738 0.27159
1709 0.27159
1618 0.27159
1597 0.271553
1795 0.271499
1732 0.271499
1731 0.271499
1614 0.271499
1629 0.27148
1729 0.271462
1815 0.271444
1668 0.271444
1717 0.271407
1791 0.271389
1686 0.271389
1606 0.271389
1670 0.271371
1529 0.271371
1728 0.271316
1796 0.271298
1687 0.271225
1578 0.271225
1571 0.271225
1843 0.271189
1771 0.271189
1735 0.271171
1652 0.271171
1642 0.271171
1641 0.271171
1564 0.271152
1722 0.271116
1574 0.271098
1522 0.271098
1553 0.271079
1753 0.271025
1745 0.270989
1804 0.270916
1797 0.270861
1697 0.270825
1583 0.270825
1537 0.270825
1637 0.270807
1659 0.270789
1646 0.270789
1601 0.270789
1772 0.270752
1655 0.270752
1785 0.270734
1770 0.270734
1545 0.270734
1544 0.270716
1814 0.270698
1530 0.270698
1756 0.27068
1752 0.27068
1769 0.270643
1819 0.270589
1817 0.270517
1784 0.270498
1781 0.27048
1531 0.270462
1631 0.270426
1798 0.270408
1740 0.270408
1649 0.270408
1546 0.270408
1677 0.270372
1681 0.270317
1625 0.270317
1748 0.270281
1803 0.270263
1802 0.270263
1800 0.270263
1799 0.270263
1790 0.270263
1779 0.270263
1768 0.270263
1759 0.270263
1744 0.270263
1816 0.270245
1813 0.270245
1809 0.270245
1788 0.270245
1758 0.270245
1711 0.270245
1794 0.270227
1782 0.270227
1743 0.270227
1671 0.270227
1777 0.270209
1747 0.270209
1680 0.270209
1594 0.270209
1586 0.270209
1818 0.270191
1621 0.270191
1536 0.270191
1792 0.270173
1755 0.270173
1519 0.270173
1806 0.270155
1762 0.270155
1761 0.270155
1805 0.270136
1775 0.270136
1765 0.270118
1757 0.270118
1708 0.270118
1609 0.270118
1783 0.2701
1766 0.2701
1715 0.2701
1698 0.2701
1678 0.2701
1622 0.2701
1567 0.2701
1548 0.2701
1778 0.270082
1751 0.270082
1742 0.270082
1714 0.270082
1650 0.270082
1610 0.270082
1604 0.270082
1572 0.270082
1550 0.270082
1547 0.270082
1524 0.270082
1774 0.270064
1623 0.270064
1599 0.270064
1562 0.270064
1543 0.270064
1541 0.270064
1780 0.270046
1741 0.270046
1696 0.270046
1603 0.270046
1526 0.270046
1811 0.269974
1773 0.269956
1801 0.269884
1793 0.269866
1789 0.269866
1746 0.269866
1812 0.269848
1808 0.269848
1786 0.269848
1776 0.269848
1767 0.269848
1764 0.269848
1763 0.269848
1760 0.269848
1750 0.269848
80 0.267914
166 0.267719
163 0.267612
202 0.267577
1399 0.267011
1403 0.266852
1437 0.266781
1464 0.266764
1427 0.266764
1404 0.266764
1401 0.266746
1407 0.266728
1409 0.266675
1500 0.266605
1489 0.266605
1456 0.266605
1413 0.266587
1408 0.26657
1414 0.266552
1465 0.266499
1410 0.266499
1471 0.266482
1406 0.266482
1502 0.266464
1493 0.266429
1474 0.266429
1412 0.266412
1415 0.266394
1447 0.266359
1481 0.266306
1436 0.266306
1405 0.266306
1505 0.266289
1499 0.266289
1463 0.266236
1492 0.266148
1498 0.265973
2995 0.263577
3169 0.263543
3106 0.263525
3146 0.263336
3445 0.263285
3296 0.263285
3165 0.263285
3157 0.263251
3058 0.263233
3096 0.263216
3002 0.263216
3338 0.263199
3407 0.263182
3370 0.263182
3175 0.263182
3178 0.263165
3222 0.263148
2993 0.263148
3439 0.26313
3242 0.26313
3101 0.26313
3066 0.26313
3431 0.263113
3264 0.263113
3235 0.263113
3441 0.263096
3443 0.263079
3159 0.263079
3053 0.263079
3135 0.263062
3125 0.263045
3044 0.263045
3110 0.263028
2964 0.263028
3382 0.26301
3310 0.26301
2966 0.26301
3438 0.262993
3238 0.262993
3142 0.262993
2944 0.262993
3068 0.262976
2962 0.262976
3456 0.262959
3411 0.262959
3091 0.262959
3429 0.262942
3024 0.262942
2976 0.262942
3457 0.262925
3133 0.262925
3048 0.262925
3449 0.262908
3433 0.262908
3200 0.262908
3209 0.262891
3079 0.262891
3299 0.262874
3234 0.262874
3437 0.262856
3241 0.262856
3365 0.262839
3080 0.262839
3236 0.262822
3197 0.262822
3283 0.262805
3270 0.262805
3360 0.262788
3295 0.262788
3103 0.262788
2994 0.262788
3252 0.262771
3071 0.262771
3273 0.262754
3034 0.262754
2989 0.262754
2984 0.262754
3203 0.26272
3032 0.26272
3461 0.262702
3401 0.262702
3141 0.262702
3029 0.262702
3025 0.262702
3253 0.262685
2980 0.262685
3104 0.262668
3290 0.262651
3336 0.262634
3097 0.262634
3478 0.262617
3268 0.262617
3250 0.262617
3136 0.262617
3051 0.262617
3260 0.2626
3467 0.262583
3406 0.262566
3376 0.262566
3305 0.262566
3451 0.262549
3423 0.262549
3084 0.262549
3398 0.262515
3054 0.262515
3397 0.262498
3326 0.262498
2945 0.262498
3351 0.26248
3112 0.26248
3087 0.26248
3399 0.262446
3265 0.262446
3094 0.262446
3018 0.262446
3184 0.262429
3221 0.262412
3408 0.262395
3213 0.262395
3187 0.262395
3007 0.262395
3201 0.262378
3073 0.262378
3294 0.262361
2996 0.262361
3418 0.262344
3030 0.262344
3477 0.262327
3367 0.262327
3247 0.262327
2954 0.262327
271 0.262327
3315 0.262259
3256 0.262259
3062 0.262259
25 0.262259
3312 0.262242
3095 0.262242
26 0.262242
3362 0.262225
3395 0.262208
277 0.262191
252 0.262191
3420 0.262157
3377 0.262157
3220 0.262157
3063 0.262157
3047 0.262157
3391 0.26214
3152 0.26214
3276 0.262123
3239 0.262123
3354 0.262089
239 0.262089
3090 0.262072
3065 0.262072
3472 0.262055
3341 0.262055
3085 0.262055
3004 0.262055
203 0.262055
200 0.262055
9 0.262055
3155 0.262021
3403 0.261987
3455 0.26197
3340 0.26197
3191 0.261953
3120 0.261936
98 0.261919
3353 0.261902
3057 0.261902
188 0.261902
2951 0.261885
199 0.261885
3369 0.261868
3237 0.261868
3173 0.261868
170 0.261868
3035 0.261851
2970 0.261851
272 0.261851
3214 0.261834
186 0.261834
40 0.261834
332 0.261817
280 0.261817
142 0.261817
172 0.261783
113 0.261766
3302 0.261749
3076 0.261749
325 0.261749
323 0.261749
3462 0.261732
3424 0.261732
261 0.261732
3041 0.261715
313 0.261715
236 0.261715
109 0.261715
291 0.261698
118 0.261698
3346 0.261681
3219 0.261681
3400 0.261664
342 0.261664
82 0.261664
3410 0.26163
104 0.26163
53 0.261613
13 0.261613
3358 0.261596
329 0.261596
211 0.261596
3386 0.261562
3045 0.261562
334 0.261562
224 0.261562
141 0.261562
128 0.261562
346 0.261545
265 0.261545
223 0.261545
312 0.261528
185 0.261528
62 0.261528
3419 0.261512
3153 0.261512
297 0.261512
232 0.261512
161 0.261512
158 0.261512
249 0.261495
242 0.261495
72 0.261495
41 0.261495
238 0.261478
31 0.261478
204 0.261461
94 0.261461
48 0.261461
320 0.261444
303 0.261444
248 0.261444
231 0.261444
115 0.261444
92 0.261444
3150 0.261427
331 0.261427
302 0.261427
299 0.261427
180 0.261427
148 0.261427
88 0.261427
326 0.26141
194 0.26141
134 0.26141
101 0.26141
59 0.26141
3432 0.261393
3337 0.261393
2978 0.261393
343 0.261393
276 0.261393
266 0.261393
257 0.261393
212 0.261393
184 0.261393
133 0.261393
123 0.261393
3390 0.261376
254 0.261376
214 0.261376
175 0.261376
116 0.261376
55 0.261376
30 0.261376
23 0.261376
3 0.261376
1 0.261376
3130 0.261359
345 0.261359
330 0.261359
284 0.261359
281 0.261359
197 0.261359
187 0.261359
137 0.261359
132 0.261359
130 0.261359
127 0.261359
24 0.261359
19 0.261359
3402 0.261342
3364 0.261342
3347 0.261342
258 0.261342
227 0.261342
144 0.261342
66 0.261342
57 0.261342
39 0.261342
20 0.261342
14 0.261342
3281 0.261325
3119 0.261325
290 0.261325
274 0.261325
251 0.261325
226 0.261325
176 0.261325
159 0.261325
149 0.261325
111 0.261325
105 0.261325
85 0.261325
75 0.261325
3316 0.261308
314 0.261308
310 0.261308
196 0.261308
178 0.261308
108 0.261308
99 0.261308
84 0.261308
29 0.261308
28 0.261308
17 0.261308
5 0.261308
341 0.261292
143 0.261292
121 0.261292
79 0.261292
65 0.261292
45 0.261292
3293 0.261275
318 0.261275
298 0.261275
268 0.261275
222 0.261275
177 0.261275
168 0.261275
165 0.261275
140 0.261275
50 0.261275
36 0.261275
22 0.261275
309 0.261258
295 0.261258
278 0.261258
275 0.261258
225 0.261258
181 0.261258
135 0.261258
73 0.261258
69 0.261258
10 0.261258
4 0.261258
2 0.261258
2999 0.261241
344 0.261241
337 0.261241
328 0.261241
306 0.261241
273 0.261241
230 0.261241
218 0.261241
195 0.261241
139 0.261241
100 0.261241
96 0.261241
78 0.261241
68 0.261241
38 0.261241
16 0.261241
3311 0.261224
3251 0.261224
2977 0.261224
333 0.261224
319 0.261224
260 0.261224
259 0.261224
243 0.261224
221 0.261224
162 0.261224
106 0.261224
93 0.261224
91 0.261224
89 0.261224
60 0.261224
54 0.261224
8 0.261224
3226 0.261207
347 0.261207
338 0.261207
317 0.261207
311 0.261207
300 0.261207
296 0.261207
263 0.261207
237 0.261207
208 0.261207
167 0.261207
151 0.261207
131 0.261207
129 0.261207
126 0.261207
83 0.261207
51 0.261207
340 0.26119
229 0.26119
219 0.26119
147 0.26119
117 0.26119
102 0.26119
95 0.26119
86 0.26119
77 0.26119
63 0.26119
44 0.26119
32 0.26119
6 0.26119
283 0.261173
264 0.261173
250 0.261173
245 0.261173
235 0.261173
193 0.261173
192 0.261173
152 0.261173
110 0.261173
46 0.261173
27 0.261173
3117 0.261156
327 0.261156
307 0.261156
289 0.261156
288 0.261156
270 0.261156
262 0.261156
220 0.261156
206 0.261156
201 0.261156
190 0.261156
174 0.261156
124 0.261156
49 0.261156
336 0.261139
321 0.261139
301 0.261139
294 0.261139
293 0.261139
253 0.261139
247 0.261139
240 0.261139
228 0.261139
207 0.261139
191 0.261139
182 0.261139
179 0.261139
164 0.261139
157 0.261139
155 0.261139
112 0.261139
97 0.261139
81 0.261139
76 0.261139
71 0.261139
61 0.261139
316 0.261123
305 0.261123
286 0.261123
282 0.261123
279 0.261123
267 0.261123
256 0.261123
255 0.261123
244 0.261123
241 0.261123
234 0.261123
233 0.261123
216 0.261123
205 0.261123
183 0.261123
160 0.261123
154 0.261123
153 0.261123
145 0.261123
138 0.261123
90 0.261123
70 0.261123
52 0.261123
47 0.261123
42 0.261123
35 0.261123
33 0.261123
335 0.261106
292 0.261106
287 0.261106
215 0.261106
210 0.261106
209 0.261106
114 0.261106
74 0.261106
43 0.261106
37 0.261106
18 0.261106
15 0.261106
12 0.261106
11 0.261106
3043 0.261055
3442 0.261038
3102 0.261021
3040 0.261004
3280 0.260988
2983 0.260988
3168 0.260971
3171 0.260954
3284 0.260937
3440 0.26092
3319 0.26092
3207 0.26092
3217 0.260886
3389 0.260836
3204 0.260768
3177 0.260768
3482 0.260752
2990 0.260735
2949 0.260718
3452 0.260701
3261 0.260701
3189 0.260701
2991 0.260701
2952 0.260701
2946 0.260701
3471 0.260684
3151 0.260684
3098 0.260684
3480 0.260651
3245 0.260651
3008 0.260651
3444 0.260634
3224 0.260634
3162 0.260634
3277 0.260617
3263 0.260617
3020 0.260617
2959 0.260617
3476 0.2606
3343 0.2606
3279 0.2606
3188 0.2606
3143 0.2606
3473 0.260583
3375 0.260583
3115 0.260583
3055 0.260583
3046 0.260583
2942 0.260567
3348 0.26055
3328 0.26055
3233 0.26055
3161 0.26055
3421 0.260533
3258 0.260533
3107 0.260499
3086 0.260499
3070 0.260499
2974 0.260499
3042 0.260483
3464 0.260466
3459 0.260466
3300 0.260466
3160 0.260466
3137 0.260466
3109 0.260466
3428 0.260449
3176 0.260449
3010 0.260449
2947 0.260449
3357 0.260432
2972 0.260432
2963 0.260432
2956 0.260432
3212 0.260415
3099 0.260415
3075 0.260415
3468 0.260399
3301 0.260399
3230 0.260399
3172 0.260399
3083 0.260399
3037 0.260399
3481 0.260382
3345 0.260382
3307 0.260382
3292 0.260382
3271 0.260382
3266 0.260382
3262 0.260382
3246 0.260382
3229 0.260382
3167 0.260382
3149 0.260382
2997 0.260382
2986 0.260382
3466 0.260365
3381 0.260365
3285 0.260365
3199 0.260365
2981 0.260365
3458 0.260348
3321 0.260348
3240 0.260348
3211 0.260348
3069 0.260348
3023 0.260348
3005 0.260348
2973 0.260348
3327 0.260331
3050 0.260331
3006 0.260331
3297 0.260315
3282 0.260315
3164 0.260315
3447 0.260298
3404 0.260298
3392 0.260298
3298 0.260298
3019 0.260298
3126 0.260281
3064 0.260281
3027 0.260281
3022 0.260281
3216 0.260264
3198 0.260264
3170 0.260264
2965 0.260264
3460 0.260247
3446 0.260247
3314 0.260247
3249 0.260247
3244 0.260247
3470 0.260231
3349 0.260231
3317 0.260231
3154 0.260231
3113 0.260231
3413 0.260214
3344 0.260214
3243 0.260214
3363 0.260197
3309 0.260197
3259 0.260197
3033 0.260197
3021 0.260197
3426 0.26018
3275 0.26018
3206 0.26018
3116 0.26018
3108 0.26018
3105 0.26018
2998 0.26018
3450 0.260164
3385 0.260164
3324 0.260164
3223 0.260164
3093 0.260164
3067 0.260164
3038 0.260164
2953 0.260164
3405 0.260147
3148 0.260147
3147 0.260147
3140 0.260147
2960 0.260147
1825 0.260147
3454 0.26013
3416 0.26013
3287 0.26013
3208 0.26013
3074 0.26013
3028 0.26013
3422 0.260113
3291 0.260113
3190 0.260113
3000 0.260113
2979 0.260113
1822 0.260113
3469 0.260097
3430 0.260097
3417 0.260097
3286 0.260097
3227 0.260097
3181 0.260097
3017 0.260097
2992 0.260097
3474 0.26008
3387 0.26008
3355 0.26008
3308 0.26008
3248 0.26008
3180 0.26008
3134 0.26008
3124 0.26008
3111 0.26008
3061 0.26008
3015 0.26008
3448 0.260063
3379 0.260063
3289 0.260063
3210 0.260063
3131 0.260063
3056 0.260063
3036 0.260063
2969 0.260063
3479 0.260046
3366 0.260046
3333 0.260046
3332 0.260046
3325 0.260046
3231 0.260046
3225 0.260046
3218 0.260046
3202 0.260046
3077 0.260046
1823 0.260046
3427 0.26003
3371 0.26003
3359 0.26003
3288 0.26003
3196 0.26003
3118 0.26003
3092 0.26003
3089 0.26003
3011 0.26003
3001 0.26003
2988 0.26003
2948 0.26003
3436 0.260013
3409 0.260013
3378 0.260013
3331 0.260013
3192 0.260013
3145 0.260013
3138 0.260013
1824 0.260013
3380 0.259996
3373 0.259996
3254 0.259996
3174 0.259996
3156 0.259996
3052 0.259996
2955 0.259996
1826 0.259996
3329 0.259979
3267 0.259979
3257 0.259979
2968 0.259979
2958 0.259979
3414 0.259963
3388 0.259963
3339 0.259963
3306 0.259963
3194 0.259963
3128 0.259963
3100 0.259963
3081 0.259963
2957 0.259963
2943 0.259963
3330 0.259946
3320 0.259946
3228 0.259946
3215 0.259946
3185 0.259946
3183 0.259946
3114 0.259946
3088 0.259946
3013 0.259946
3394 0.259929
3372 0.259929
3356 0.259929
3205 0.259929
3182 0.259929
3121 0.259929
3060 0.259929
3049 0.259929
3039 0.259929
3012 0.259929
2987 0.259929
3396 0.259912
3334 0.259912
3303 0.259912
3132 0.259912
3127 0.259912
3031 0.259912
3026 0.259912
2971 0.259912
2967 0.259912
3475 0.259896
3463 0.259896
3384 0.259896
3232 0.259896
3193 0.259896
3186 0.259896
3179 0.259896
3163 0.259896
3072 0.259896
3016 0.259896
3009 0.259896
2985 0.259896
2975 0.259896
3453 0.259879
3425 0.259879
3374 0.259879
3361 0.259879
3278 0.259879
3269 0.259879
3255 0.259879
3078 0.259879
2950 0.259879
3465 0.259862
3368 0.259862
3318 0.259862
3313 0.259862
3304 0.259862
3166 0.259862
3158 0.259862
3122 0.259862
3014 0.259862
3412 0.259846
3383 0.259846
3322 0.259846
3144 0.259846
3082 0.259846
3003 0.259846
2982 0.259846
2961 0.259846
3434 0.259829
3352 0.259829
3350 0.259829
3323 0.259829
3272 0.259829
3129 0.259829
3123 0.259829
3393 0.259812
3274 0.259812
3435 0.259795
3415 0.259795
3342 0.259795
3335 0.259795
3195 0.259795
3139 0.259795
3059 0.259795
2003 0.254202
3626 0.240429
3946 0.240386
3581 0.240386
3634 0.240286
3851 0.240071
3559 0.240029
3640 0.240014
3838 0.239914
3818 0.2399
3814 0.2399
3808 0.2399
3753 0.2399
3616 0.2399
3545 0.239886
3975 0.239872
3970 0.239872
3938 0.239872
3697 0.239872
3623 0.239872
3529 0.239872
3492 0.239872
2043 0.239872
3972 0.239857
3805 0.239843
3493 0.239843
3486 0.239843
3914 0.239829
3774 0.239829
3934 0.239815
3703 0.239815
3910 0.2398
3666 0.2398
3609 0.2398
3932 0.239786
3855 0.239786
3553 0.239786
3750 0.239772
3756 0.239758
3635 0.239758
3883 0.239744
3726 0.239744
3723 0.239744
3592 0.239744
3498 0.239744
3872 0.239729
3843 0.239729
3656 0.239729
3653 0.239729
3565 0.239715
3957 0.239701
3824 0.239701
3809 0.239701
3601 0.239701
3566 0.239701
3952 0.239687
3908 0.239687
3893 0.239687
3854 0.239672
3742 0.239672
3709 0.239672
3646 0.239672
3629 0.239672
3588 0.239672
3578 0.239672
3556 0.239672
3954 0.239658
3880 0.239658
3870 0.239658
3846 0.239658
3840 0.239658
3797 0.239658
3517 0.239658
3926 0.239644
3591 0.239644
3506 0.239644
3929 0.23963
3836 0.23963
3757 0.23963
3563 0.23963
3528 0.23963
3780 0.239615
3732 0.239615
3714 0.239615
3510 0.239615
3842 0.239601
3749 0.239601
3747 0.239601
3511 0.239601
3502 0.239601
3839 0.239587
3759 0.239587
3739 0.239587
3661 0.239587
3621 0.239587
3593 0.239587
3915 0.239573
3881 0.239573
3878 0.239573
3848 0.239573
3835 0.239573
3735 0.239573
3734 0.239573
3731 0.239573
3712 0.239573
3602 0.239573
3508 0.239573
3973 0.239559
3844 0.239559
3770 0.239559
3727 0.239559
3662 0.239559
3544 0.239559
3522 0.239559
3513 0.239559
3962 0.239544
3935 0.239544
3899 0.239544
3728 0.239544
3669 0.239544
3610 0.239544
3547 0.239544
3537 0.239544
3505 0.239544
3483 0.239544
3784 0.23953
3740 0.23953
3692 0.23953
3668 0.23953
3655 0.23953
3571 0.23953
3564 0.23953
3532 0.23953
3941 0.239516
3939 0.239516
3923 0.239516
3917 0.239516
3864 0.239516
3849 0.239516
3765 0.239516
3695 0.239516
3681 0.239516
3660 0.239516
3606 0.239516
3550 0.239516
3548 0.239516
3487 0.239516
3904 0.239502
3817 0.239502
3806 0.239502
3801 0.239502
3777 0.239502
3718 0.239502
3674 0.239502
3631 0.239502
3589 0.239502
3539 0.239502
2057 0.239502
3863 0.239488
3858 0.239488
3647 0.239488
3644 0.239488
3590 0.239488
3575 0.239488
3549 0.239488
3540 0.239488
3504 0.239488
3500 0.239488
3877 0.239473
3873 0.239473
3800 0.239473
3792 0.239473
3775 0.239473
3769 0.239473
3761 0.239473
3744 0.239473
3654 0.239473
3651 0.239473
3641 0.239473
3638 0.239473
3622 0.239473
3572 0.239473
3536 0.239473
3534 0.239473
3527 0.239473
2048 0.239473
3976 0.239459
3963 0.239459
3921 0.239459
3911 0.239459
3890 0.239459
3879 0.239459
3790 0.239459
3719 0.239459
3671 0.239459
3538 0.239459
3516 0.239459
3494 0.239459
3966 0.239445
3850 0.239445
3778 0.239445
3776 0.239445
3773 0.239445
3706 0.239445
3687 0.239445
3672 0.239445
3632 0.239445
3618 0.239445
3604 0.239445
3597 0.239445
3596 0.239445
3557 0.239445
3520 0.239445
3515 0.239445
3971 0.239431
3956 0.239431
3928 0.239431
3906 0.239431
3823 0.239431
3816 0.239431
3795 0.239431
3754 0.239431
3683 0.239431
3649 0.239431
3611 0.239431
3582 0.239431
3562 0.239431
3512 0.239431
3507 0.239431
3496 0.239431
3980 0.239417
3979 0.239417
3968 0.239417
3937 0.239417
3925 0.239417
3920 0.239417
3897 0.239417
3892 0.239417
3867 0.239417
3829 0.239417
3807 0.239417
3758 0.239417
3745 0.239417
3729 0.239417
3724 0.239417
3722 0.239417
3717 0.239417
3716 0.239417
3707 0.239417
3680 0.239417
3675 0.239417
3642 0.239417
3639 0.239417
3607 0.239417
3595 0.239417
3585 0.239417
3570 0.239417
3569 0.239417
3531 0.239417
3526 0.239417
3521 0.239417
3518 0.239417
3514 0.239417
3501 0.239417
3945 0.239402
3884 0.239402
3837 0.239402
3832 0.239402
3813 0.239402
3789 0.239402
3736 0.239402
3699 0.239402
3688 0.239402
3652 0.239402
3625 0.239402
3600 0.239402
3561 0.239402
3555 0.239402
3523 0.239402
2044 0.239402
3951 0.239388
3903 0.239388
3900 0.239388
3860 0.239388
3833 0.239388
3798 0.239388
3794 0.239388
3785 0.239388
3702 0.239388
3682 0.239388
3670 0.239388
3657 0.239388
3583 0.239388
3551 0.239388
3542 0.239388
3525 0.239388
3524 0.239388
3983 0.239374
3955 0.239374
3927 0.239374
3853 0.239374
3845 0.239374
3831 0.239374
3803 0.239374
3799 0.239374
3779 0.239374
3755 0.239374
3679 0.239374
3665 0.239374
3650 0.239374
3645 0.239374
3624 0.239374
3613 0.239374
3577 0.239374
3948 0.23936
3874 0.23936
3869 0.23936
3811 0.23936
3693 0.23936
3664 0.23936
3628 0.23936
3573 0.23936
3554 0.23936
3490 0.23936
2045 0.23936
3942 0.239346
3896 0.239346
3889 0.239346
3887 0.239346
3793 0.239346
3786 0.239346
3783 0.239346
3782 0.239346
3741 0.239346
3704 0.239346
3689 0.239346
3684 0.239346
3667 0.239346
3658 0.239346
3643 0.239346
3615 0.239346
3579 0.239346
3576 0.239346
3558 0.239346
3964 0.239331
3902 0.239331
3886 0.239331
3791 0.239331
3705 0.239331
3696 0.239331
3691 0.239331
3633 0.239331
3612 0.239331
3599 0.239331
3586 0.239331
3568 0.239331
3560 0.239331
3546 0.239331
3533 0.239331
3484 0.239331
3977 0.239317
3940 0.239317
3922 0.239317
3913 0.239317
3909 0.239317
3882 0.239317
3856 0.239317
3841 0.239317
3828 0.239317
3804 0.239317
3788 0.239317
3772 0.239317
3771 0.239317
3733 0.239317
3673 0.239317
3637 0.239317
3617 0.239317
3605 0.239317
3584 0.239317
3567 0.239317
3543 0.239317
3541 0.239317
3503 0.239317
3949 0.239303
3931 0.239303
3924 0.239303
3919 0.239303
3916 0.239303
3912 0.239303
3907 0.239303
3875 0.239303
3847 0.239303
3827 0.239303
3826 0.239303
3787 0.239303
3737 0.239303
3721 0.239303
3694 0.239303
3677 0.239303
3630 0.239303
3587 0.239303
3489 0.239303
3981 0.239289
3974 0.239289
3967 0.239289
3944 0.239289
3901 0.239289
3871 0.239289
3861 0.239289
3820 0.239289
3768 0.239289
3767 0.239289
3763 0.239289
3746 0.239289
3743 0.239289
3690 0.239289
3686 0.239289
3685 0.239289
3659 0.239289
3552 0.239289
3519 0.239289
3499 0.239289
3491 0.239289
3485 0.239289
3933 0.239275
3898 0.239275
3895 0.239275
3862 0.239275
3857 0.239275
3852 0.239275
3819 0.239275
3810 0.239275
3802 0.239275
3760 0.239275
3715 0.239275
3701 0.239275
3700 0.239275
3663 0.239275
3636 0.239275
3580 0.239275
3530 0.239275
3488 0.239275
3982 0.239261
3969 0.239261
3960 0.239261
3959 0.239261
3958 0.239261
3953 0.239261
3947 0.239261
3918 0.239261
3905 0.239261
3891 0.239261
3876 0.239261
3796 0.239261
3781 0.239261
3708 0.239261
3698 0.239261
3678 0.239261
3648 0.239261
3619 0.239261
3598 0.239261
3574 0.239261
3535 0.239261
3961 0.239246
3936 0.239246
3830 0.239246
3825 0.239246
3815 0.239246
3762 0.239246
3752 0.239246
3738 0.239246
3720 0.239246
3713 0.239246
3711 0.239246
3627 0.239246
3614 0.239246
3608 0.239246
3594 0.239246
3509 0.239246
3965 0.239232
3950 0.239232
3930 0.239232
3894 0.239232
3888 0.239232
3885 0.239232
3866 0.239232
3859 0.239232
3822 0.239232
3821 0.239232
3764 0.239232
3751 0.239232
3725 0.239232
3710 0.239232
3620 0.239232
3978 0.239218
3943 0.239218
3868 0.239218
3865 0.239218
3834 0.239218
3812 0.239218
3766 0.239218
3748 0.239218
3730 0.239218
3676 0.239218
3603 0.239218
3497 0.239218
3495 0.239218
2014 0.232349
2011 0.232349
1827 0.225448
1830 0.224845
1828 0.224783
1829 0.224758
1831 0.21691
1973 0.215855
1858 0.215763
1950 0.215705
1864 0.215682
1892 0.215601
1890 0.215601
1968 0.21559
1975 0.215578
1842 0.215544
1848 0.21544
2001 0.215394
1964 0.215371
1945 0.215371
1919 0.215371
1955 0.215314
1853 0.21528
1985 0.215257
1948 0.215176
1917 0.215153
1949 0.215131
1914 0.215119
1898 0.215096
1874 0.215096
1956 0.21505
1921 0.21505
1943 0.215027
1970 0.215016
2026 0.214365
2002 0.213843
2015 0.213764
2035 0.213606
2022 0.213583
2009 0.213583
2024 0.213572
2007 0.213572
2034 0.21356
2028 0.213549
2017 0.213481
2010 0.213481
2038 0.21347
2032 0.213459
2031 0.213436
2013 0.213425
2027 0.213414
2020 0.213414
2018 0.213414
2016 0.213414
2040 0.213402
2033 0.213402
2025 0.213402
2019 0.213402
2012 0.213391
2004 0.213391
2039 0.21338
2030 0.21338
2023 0.21338
2005 0.213357
2037 0.213346
2036 0.213346
2029 0.213346
2021 0.213346
4031 0.184131
4024 0.184123
4000 0.184089
3985 0.184089
4015 0.184073
4022 0.184064
3999 0.184064
3996 0.184064
4011 0.184056
4006 0.184056
4038 0.184047
4027 0.184047
4018 0.184047
4002 0.184047
3997 0.184047
3989 0.184047
4021 0.184039
4020 0.184039
3984 0.184039
4028 0.184031
4019 0.184031
4004 0.184031
3991 0.184031
4014 0.184022
3995 0.184022
3988 0.184022
4005 0.184014
4037 0.184005
4026 0.184005
4017 0.184005
4009 0.184005
4001 0.184005
3998 0.184005
3992 0.184005
4033 0.183997
4007 0.183997
3994 0.183997
3993 0.183997
4036 0.183989
4034 0.183989
4032 0.183989
4030 0.183989
4029 0.183989
4013 0.183989
4008 0.183989
4003 0.183989
3990 0.183989
3986 0.183989
4035 0.18398
4025 0.18398
4023 0.18398
4016 0.18398
4012 0.18398
4010 0.18398
3987 0.18398
1850 0.178807
1969 0.178728
1839 0.178696
1833 0.178696
1926 0.17868
1960 0.178649
1869 0.178641
1873 0.178633
1972 0.178625
1998 0.178609
1979 0.178601
1840 0.178586
1929 0.178578
1994 0.17857
1965 0.17857
1897 0.178562
1832 0.178562
1987 0.178554
1918 0.178546
1871 0.178546
1911 0.178538
1925 0.17853
1974 0.178522
1841 0.178515
1983 0.178507
1905 0.178507
1899 0.178499
1952 0.178491
1884 0.178491
1863 0.178491
1932 0.178483
1959 0.178475
1942 0.178475
1909 0.178475
1876 0.178475
1992 0.178467
1915 0.178467
1872 0.178467
1883 0.178459
1910 0.178451
1962 0.178444
1990 0.178436
1937 0.178436
1879 0.178436
1846 0.178436
1993 0.178428
1908 0.178428
1980 0.17842
1938 0.178412
1927 0.178412
1903 0.178412
1900 0.178412
1893 0.178412
1856 0.178412
1865 0.178404
1954 0.178396
1928 0.178396
1924 0.178396
1922 0.178396
1854 0.178396
1851 0.178396
1963 0.178388
1940 0.178388
1886 0.178388
1875 0.178388
1923 0.178381
1882 0.178381
1880 0.178381
1989 0.178373
1976 0.178373
1838 0.178373
1988 0.178365
1984 0.178365
1978 0.178365
1967 0.178365
1951 0.178365
1916 0.178365
1982 0.178357
1939 0.178357
1913 0.178357
1907 0.178357
1881 0.178357
1877 0.178357
1867 0.178357
1859 0.178357
1934 0.178349
1896 0.178349
1868 0.178349
1861 0.178349
1857 0.178349
1981 0.178341
1971 0.178341
1944 0.178341
1887 0.178341
1904 0.178333
1901 0.178333
1860 0.178333
1995 0.178325
1958 0.178325
1852 0.178325
1966 0.178318
1961 0.178318
1957 0.178318
1953 0.178318
1931 0.178318
1906 0.178318
1891 0.178318
1855 0.178318
1835 0.178318
1912 0.17831
1885 0.17831
1878 0.17831
1870 0.17831
1847 0.17831
1834 0.17831
1991 0.178302
1941 0.178302
1936 0.178302
1845 0.178302
1866 0.178294
1836 0.178294
1996 0.178286
1977 0.178286
1947 0.178286
1849 0.178286
2000 0.178278
1997 0.178278
1935 0.178278
1933 0.178278
1902 0.178278
1862 0.178278
1999 0.17827
1930 0.17827
1888 0.17827
1986 0.178262
1920 0.178262
1895 0.178262
1894 0.178262
1889 0.178262
1844 0.178262
1946 0.178255
1837 0.178255
